251
283
439
503
751
769
809
829
947
953
1237
1481
1663
3331
4519
7219
9001
9349
9397
9859
26849
32833
36191
37847
39671
50647
52259
62743
83833
94219
150769
175229
267479
336163
358349
459271
723067
792061
918259
985097
1288919
1756787
3068579
4406881
4606039
4956181
5208169
6549611
7783631
9854329
10946363
12247517
14454449
27690031
39976087
44323999
46209679
63629609
79489213
99227581
206920537
220028251
312761069
378064469
590204579
655062119
708279773
751157887
792522793
805378339
2554645417
2753800081
3551515327
3562190257
3828197741
4149095851
4505566837
5659530181
6280188121
7526797667
10328461001
14332294199
37730525839
48341961971
56410025689
62278463579
67834199863
81618052037
87840546721
90370642643
323638715357
361234971079
449873002597
465507880949
533457282781
538315043143
729866843219
832601646979
839098852027
915313623803
1608480415133
2187399380809
2937924954953
4220088866089
4320654415687
4450552612973
6397897664267
7948718869633
9483403631671
9808622939629
19157336946469
28815364101287
38995890234683
58971080523041
60372162624337
66468222037247
83131517903689
83775005903341
87206559667583
96083806572493
111365799148187
141735315299477
193796776257053
218549289365051
287205409344037
402531021809759
682867138231153
768690010366769
906696392802413
984823591382879
10473333201560098269381727
106250066550040916497
108122887338527393662664216329
118780186135230376925047941091
120476364752177494601404291
127010176548301328341
135026782727180826253923491
13535299231054187780951297
13719872074428579785540035807
14687905501389370432771
1486564269591703
15908621463446302610053327
168911952921391101523
172594883947062858422943059
17460023048598503671547201
1798134067054561
183346314085947010611661
184915203953042696532465029963
19147727054995733
1917312526636541533
1979447339402773
20212310579661469683913
20517774778057687987411
20970286978983708838242874067
210475332333411573745363
212499504291465597961
2162153858307229493177
21778229256597277
221193337331257471
2221471448887142696644635791
2236169018683490912308289
2367107888658040117349
23675716074495887547241
23740865896665433021623615583
24103646864571893058283
25696111514191302839
257571815082413827
266087343968835734651
273563566313835143
281926520378588627
2862500779526623
2873889735305602297498483
2885092524895377199959937
28898665921031577169444391597
296932417472964334570559
30752149802250773908939110643
32123587487699503
3253268983315057053079
33415700534869717384648543
34550593413964081277
3690366463773105752672563
376207662263600879
3809654763676212161
392584707533585261
3981740754554873
40342660989471232991808061
411738138814813955610438661147
416625182275027139983
420229892554453307
421227491416010810690329
423999260483504549
4313330162419123375624132123
43737951018445774619
437602729758968477448827
43983695751033041598884603
440382236271649998278407153
45725478913313184431
45912310257545305187059
468724628209707534296994827
46924523062074767494579351
4703920257849594728201
47222612376870423108392367421
4739732507396305391801
476096218404494387528743
480870947856587980103
4859129855157181
4937847832610208444625889
50732541498255571
5084015247827860441621
5151141983057663
5168158478428165513
51953011917146131888872055331
520618041271082460509873203
5366583659202722603233271
5393730113478939146444140123
5397256346147992744364249
54773751172534927367
5481835965364223173
5505277038383023482635123
5513657915740483
5588726862155219822293
56145048301230313429
570583421033638601
57918413189589194623123
5851675364626465597
594050841255758575190805803
6026208840953422003766635253
60798466600006454462101110401
60944180618798187961
609628773154129301300225149
6115503838929002613411091
62324241349791293365891
6232639556516519449
6251319611006439603835487971
6362882337587360232371425393
64113936528417764401818157
64580190478877501
66039596760188129963
669734443942815149447
6759827274914442095539
686697781024838338750718871713
6974105632772299872424760027
7054842751145757779569
71842764938100019
721925269077160895825076029
74127004007836057
7432541405111113
743608635531594968237
750114649568137687441034521
751561985490895407780047
762068080880510587
77926890788829299815074011
781629134504808384679883298803
786630282939117792752041
7941457815484305422408387699
8200523513855949887175248987
820279716428708391592921
82382634943586462773
828197469108865735775432412023
8463348349555261879
87093246397336894117729
87370842294038035741
8779614875434463209614760489
8882092626630896060724253
88831555880432834608159665377
89073501077438024528111
8971166709033079
8975521622804657491
90649057813499701
9066903529997893577
921951016541719591088068294933
92980691133792899
95679257105732276691610999871
9665630650006631869
967211557224961673818425931409
978012385763103218809003
979377122294608462694144481547
989315291205353480581
99750159306481301